52269
45482
28674
49072
24240
47704
53941
12992
14525
27699
9333
45297
20489
52326
47746
34357
55766
12713
20899
1189
19494
35672
12943
43225
47495
45059
51248
49732
55875
64934
63461
4016
14193
25236
3615
1906
12482
11675
21993
12903
35056
27167
59309
63173
59627
47631
1549
61020
21361
32818
38384
53586
56251
12578
11422
42251
30463
64831
37570
11480
25428
61823
59620
8651
9254
42279
14537
61044
21987
36618
51689
11517
50633
61991
5528
61504
4125
49147
31917
38148
7297
57943
39743
65082
52914
42941
13205
24512
9885
57391
34252
9561
26433
60712
39508
51532
5353
15052
37011
9646
10928
27107
42153
44867
39360
50894
1587
14071
23562
26875
10669
2518
21795
44329
19900
13578
12326
23318
2178
7776
64964
8491
54881
47080
48080
40626
34475
10583
11347
45976
43681
37235
36652
31587
45918
22465
23407
15533
33495
43287
65166
46864
56968
2687
50187
58179
26248
13261
16902
15491
40294
34859
15156
39831
51955
54618
42571
8929
27107
29774
7027
37961
42166
19894
728
1502
42273
40232
37194
27810
4484
62432
35413
1721
43219
62296
22401
47934
5703
26028
54188
65110
40543
51483
3398
24730
27938
33344
43862
24836
1511
51433
54601
23854
34360
64331
54734
5324
12957
28083
55901
26375
44330
34609
27954
842
34085
10502
43867
18207
48294
1206
60793
32881
55250
52678
7464
6862
59521
44770
21449
47045
25591
18527
34621
61982
60990
54822
61147
12763
25274
10124
48134
59362
27381
29182
40825
11319
52998
64281
5106
48332
11496
17562
20845
60886
63889
6208
16147
13041
5732
14407
26250
31483
4888
58757
22171
58220
36507
5285
42651
2821
27714
27178
54443
3094
35986
42974
2137
27500
60882
32691
44581
57213
65391
1646
20676
2874
14091
44543
51081
13718
46761
37425
5993
49789
58235
27889
25359
6099
62434
4040
14222
35230
46226
16567
62326
34710
32639
12165
5945
15519
48809
59431
62537
2608
28742
38257
30347
13973
17522
40633
1421
63965
54656
39463
43768
2544
40681
17947
36379
22381
6774
46203
17207
55913
27452
9584
38162
56470
18771
47687
4620
58782
15190
52891
22571
23319
19115
60620
34625
38839
12519
42056
25054
2332
56887
4974
3941
8607
15913
28034
34706
14242
20627
48595
60467
59046
17081
24070
17759
5056
57607
9374
39089
16290
56889
64684
25094
32782
24984
1617
21865
472
40355
23437
41774
51098
56067
19474
59990
61512
7024
10183
40725
59421
58710
14419
1366
48680
50701
12545
26162
30048
62782
24488
56651
37283
17204
11021
54397
41993
5454
45636
60203
1578
53792
38482
55137
56890
25035
27365
39871
34290
41413
60889
55946
24763
9415
52781
54722
29287
52085
29732
56075
50077
40853
17322
4504
64426
34192
14892
21910
64906
26081
30741
35050
46956
11590
17961
25027
25904
44530
59009
46530
65468
63856
4621
53654
28798
8421
23683
61953
57999
33804
62412
6609
30120
34023
52116
35153
62241
56043
25554
7350
32275
4798
41
63712
40573
29585
32850
44611
20404
26400
42314
27010
48303
12639
40520
52760
11650
51119
20907
43553
63633
43131
13138
8330
29674
58011
14720
4479
20519
60193
58821
9621
8850
18231
34454
47029
24553
31297
6810
2478
39091
38156
18033
26884
25491
26005
60187
45475
17895
50734
21615
36045
55101
17055
1649
53272
54591
2284
42038
64724
27615
25909
42349
26688
25818
21519
55020
29213
37506
44923
24896
7913
45182
16454
5110
48643
14781
25232
28651
8186
45518
47230
46160
32616
31050
37942
33698
11248
7454
49713
28078
25869
53190
20795
19569
38411
19987
62974
20718
22383
18157
65405
26066
39209
43907
16387
7592
5581
19173
17847
19467
28292
17986
9946
8904
60197
16751
39557
53122
65239
31442
10031
8847
8513
62978
40774
24156
56210
43560
43331
30300
49473
49204
38592
26389
27439
45558
46308
64809
543
57845
39615
2279
55501
43309
53156
13709
32545
64369
44805
16694
25752
35242
24663
17077
61765
39606
29514
51009
10157
56384
35367
33202
45056
56670
295
53730
15233
12428
45251
49903
44793
53979
30233
5408
31227
9804
48753
12751
1921
52791
50444
24518
47299
4651
54300
29363
24062
7761
44559
25431
30575
54314
17037
34280
40077
46071
9767
23308
30116
18982
35706
35912
36222
5470
3164
30895
35659
58654
45074
41088
55687
40667
50295
14470
27234
19520
16947
38480
52930
30948
13075
65443
42781
42194
33910
38712
7890
56235
41455
45631
32856
2694
25775
16985
29642
12525
18091
16903
26504
65497
17309
11154
21678
25791
33110
36467
13494
8815
19429
21520
21420
15986
27515
21392
18473
15282
37264
31963
59746
60116
64408
19940
39118
55812
21149
544
45519
63858
54308
11323
54153
64343
30840
17464
63685
61082
53393
25241
15601
62987
59732
33199
42233
13376
34295
29597
64556
47429
20412
27602
39439
41996
14408
53249
53990
45624
48608
44412
39726
7459
14406
65049
2984
8207
63843
4653
37128
39052
14745
21875
38128
25697
19397
63913
55139
63276
62385
15604
54494
60022
27292
19104
57220
21696
19296
33820
48744
37812
27195
9508
1550
857
22110
8785
5692
13312
46212
11248
62521
29491
50443
24907
41713
36082
44270
22967
17785
13049
41522
14866
14614
25367
537
65041
29666
58560
58279
30240
12602
48306
44136
43957
16122
31832
63984
63639
56085
5545
16491
38923
55740
23481
26719
28066
61012
22687
35643
10838
11767
60070
29267
32872
52923
47440
26098
16125
27735
5845
5488
41528
46753
8389
19674
61868
61883
49708
56350
24513
32757
47095
36388
38737
17329
34023
36496
15241
53584
16859
54046
61253
34599
20926
27677
1789
59846
25103
24126
30982
23992
31311
25031
48568
9077
41360
38798
19050
34607
19060
42520
63726
35335
65336
26682
47141
65035
61753
15812
11021
36781
7650
30033
41223
34611
46760
12222
62991
56
44670
33024
12891
54815
36249
39579
6396
53086
34931
6356
35383
30756
59701
28801
41891
17505
65294
16070
45749
45742
24046
23036
22930
21122
26342
59944
3946
24964
65022
9066
28596
41748
27252
5289
31870
43904
37321
9188
6728
62223
49470
34580
3395
5429
50352
16347
45811
60276
6495
49270
36419
4741
7961
33976
39222
35050
34627
8661
44291
47388
11993
56906
20866
31835
39908
65447
60927
40772
36663
4566
53678
43899
21989
22941
26537
17310
39470
65008
23452
7565
32329
49303
36706
37791
27831
6562
49462
